dimension time dual_gap dual_gap_sd dual_gap_ns dual_gap_ns_sd iterations iterations_s
10000 5 136.203 0.0 1.0 Inf Inf 12063 12063 121.694 0.0 1.0 Inf Inf 12063 12063 200.097 0.0 1.0 Inf Inf 19437 19437 117.433 0.0 1.0 Inf Inf 12115 12115 211.706 0.0 1.0 Inf Inf 19542 19542 165.375 0.0 1.0 Inf Inf 14914 14914 137.433 0.0 1.0 Inf Inf 12063 12063 120.308 0.0 1.0 Inf Inf 12063 12063 117.463 0.0 1.0 Inf Inf 12063 12063 116.428 0.0 1.0 Inf Inf 12063 12063 92.088 0.0 1.0 Inf Inf 9644 9644 3561.848 0.0 1.05 0.0 1.002 359916 376918 139.295 0.0 1.0 Inf Inf 13567 13567
40000 5 1164.45 0.0 1.0 Inf Inf 11965 11965 1030.719 0.0 1.0 Inf Inf 11965 11965 1763.819 0.0 1.0 Inf Inf 19443 19443 1083.571 0.0 1.0 Inf Inf 12018 12018 1921.823 0.0 1.0 Inf Inf 19431 19431 1431.54 0.0 1.0 Inf Inf 15226 15226 1002.025 0.0 1.0 Inf Inf 11965 11965 1082.573 0.0 1.0 Inf Inf 11965 11965 1015.023 0.0 1.0 Inf Inf 11965 11965 1034.904 0.0 1.0 Inf Inf 11965 11965 1374.68 0.0 1.0 Inf Inf 15579 15579 3600.484 0.0 1.0 Inf Inf 46370 46370 1224.28 0.0 1.0 Inf Inf 13706 13706
90000 5 3338.596 0.0 1.0 Inf Inf 9333 9333 2919.784 0.0 1.0 Inf Inf 9333 9333 3601.251 0.0 1.0 Inf Inf 10927 10927 3165.201 0.0 1.0 Inf Inf 9477 9477 3601.251 0.0 1.0 Inf Inf 10365 10365 3596.352 0.0 1.08 Inf Inf 10484 10484 2855.263 0.0 1.0 Inf Inf 9333 9333 3111.731 0.0 1.0 Inf Inf 9333 9333 2864.765 0.0 1.0 Inf Inf 9333 9333 3132.645 0.0 1.0 Inf Inf 9333 9333 3601.06 0.0 1.0 Inf Inf 11769 11769 3600.969 0.0 1.0 Inf Inf 16755 16755 3520.35 0.0 1.05 Inf Inf 10796 10796
160000 5 3602.805 0.0 1.01 Inf Inf 4409 4409 3602.724 0.0 1.0 Inf Inf 4648 4648 3602.772 0.0 1.0 Inf Inf 4588 4588 3602.636 0.0 1.0 Inf Inf 4399 4399 3602.861 0.0 1.0 Inf Inf 4360 4360 3603.06 0.0 1.0 Inf Inf 4246 4246 3602.592 0.0 1.0 Inf Inf 4758 4758 3602.56 0.0 1.0 Inf Inf 4395 4395 3602.515 0.0 1.01 Inf Inf 4756 4756 3602.946 0.0 1.0 Inf Inf 4349 4349 3602.609 0.0 1.0 Inf Inf 4855 4855 3601.844 0.0 1.0 Inf Inf 8310 8310 3602.3 0.0 1.0 Inf Inf 4918 4918
250000 5 3605.218 0.0 1.0 Inf Inf 2316 2316 3604.644 0.0 1.0 Inf Inf 2428 2428 3605.346 0.0 1.0 Inf Inf 2458 2458 3604.491 0.0 1.0 Inf Inf 2533 2533 3605.198 0.0 1.0 Inf Inf 2348 2348 3604.735 0.0 1.0 Inf Inf 2610 2610 3604.955 0.0 1.0 Inf Inf 2481 2481 3604.935 0.0 1.0 Inf Inf 2377 2377 3605.361 0.0 1.0 Inf Inf 2202 2202 3604.988 0.0 1.0 Inf Inf 2292 2292 3604.377 0.0 1.0 Inf Inf 2581 2581 3602.829 0.0 1.0 Inf Inf 5252 5252 3604.46 0.0 1.0 Inf Inf 2586 2586
360000 5 3609.874 0.0 1.0 Inf Inf 1343 1343 3608.366 0.0 1.0 Inf Inf 1468 1468 3608.906 0.0 1.0 Inf Inf 1615 1615 3607.548 0.0 1.0 Inf Inf 1618 1618 3607.781 0.0 1.0 Inf Inf 1560 1560 3607.831 0.0 1.0 Inf Inf 1679 1679 3608.645 0.0 1.0 Inf Inf 1423 1423 3607.441 0.0 1.0 Inf Inf 1425 1425 3608.669 0.0 1.0 Inf Inf 1430 1430 3608.082 0.0 1.0 Inf Inf 1473 1473 3607.746 0.0 1.0 Inf Inf 1714 1714 3603.714 0.0 1.0 Inf Inf 3848 3848 3607.524 0.0 1.0 Inf Inf 1661 1661
490000 5 3615.388 0.0 1.0 Inf Inf 871 871 3613.286 0.0 1.0 Inf Inf 1003 1003 3611.829 0.0 1.0 Inf Inf 1122 1122 3611.291 0.0 1.0 Inf Inf 1097 1097 3612.237 0.0 1.0 Inf Inf 1088 1088 3610.71 0.0 1.0 Inf Inf 1150 1150 3613.249 0.0 1.0 Inf Inf 948 948 3613.994 0.0 1.0 Inf Inf 958 958 3613.374 0.0 1.0 Inf Inf 979 979 3612.973 0.0 1.0 Inf Inf 1004 1004 3611.627 0.0 1.0 Inf Inf 1177 1177 3605.247 0.0 1.0 Inf Inf 2816 2816 3613.378 0.0 1.0 Inf Inf 1036 1036
640000 5 3619.216 0.0 1.0 Inf Inf 725 725 3617.693 0.0 1.0 Inf Inf 762 762 3617.035 0.0 1.0 Inf Inf 842 842 3614.567 0.0 1.0 Inf Inf 816 816 3615.883 0.0 1.0 Inf Inf 824 824 3614.743 0.0 1.0 Inf Inf 858 858 3618.917 0.0 1.0 Inf Inf 762 762 3618.499 0.0 1.0 Inf Inf 725 725 3617.266 0.0 1.0 Inf Inf 733 733 3617.869 0.0 1.0 Inf Inf 749 749 3616.549 0.0 1.01 Inf Inf 864 864 3606.641 0.0 1.0 Inf Inf 2161 2161 3618.668 0.0 1.0 Inf Inf 769 769
810000 5 3623.299 0.0 1.0 Inf Inf 559 559 3628.943 0.0 1.01 Inf Inf 519 519 3623.005 0.0 1.0 Inf Inf 641 641 3622.804 0.0 1.0 Inf Inf 628 628 3619.764 0.0 1.0 Inf Inf 681 681 3621.914 0.0 1.0 Inf Inf 592 592 3624.857 0.0 1.0 Inf Inf 586 586 3622.701 0.0 1.0 Inf Inf 601 601 3622.507 0.0 1.0 Inf Inf 564 564 3626.461 0.0 1.0 Inf Inf 570 570 3620.276 0.0 1.0 Inf Inf 680 680 3608.074 0.0 1.0 Inf Inf 1717 1717 3623.563 0.0 1.0 Inf Inf 597 597
1000000 5 3631.3 0.0 1.0 Inf Inf 458 458 3629.298 0.0 1.0 Inf Inf 465 465 3624.803 0.0 1.0 Inf Inf 531 531 3624.45 0.0 1.0 Inf Inf 512 512 3629.61 0.0 1.0 Inf Inf 511 511 3627.91 0.0 1.0 Inf Inf 488 488 3631.094 0.0 1.0 Inf Inf 481 481 3631.399 0.0 1.0 Inf Inf 474 474 3631.886 0.0 1.0 Inf Inf 464 464 3626.549 0.0 1.0 Inf Inf 469 469 3628.587 0.0 1.0 Inf Inf 579 579 3609.434 0.0 1.0 Inf Inf 1399 1399 3631.373 0.0 1.0 Inf Inf 489 489
