dimension time dual_gap dual_gap_sd dual_gap_ns dual_gap_ns_sd iterations iterations_s
500 0.319 0.0 1.02 Inf Inf 25 25 0.294 0.0 1.02 Inf Inf 25 25 0.304 0.0 1.01 Inf Inf 30 30 0.339 0.0 1.14 Inf Inf 25 25 0.339 0.0 1.01 Inf Inf 30 30 0.318 0.0 1.6 Inf Inf 28 28 0.313 0.0 1.02 Inf Inf 25 25 0.306 0.0 1.02 Inf Inf 25 25 0.314 0.0 1.02 Inf Inf 25 25 0.305 0.0 1.02 Inf Inf 25 25
1000 11.795 0.0 1.34 Inf Inf 16 16 10.422 0.0 1.34 Inf Inf 16 16 9.588 0.0 1.0 Inf Inf 22 22 11.516 0.0 1.05 Inf Inf 16 16 16.786 0.0 1.0 Inf Inf 22 22 10.363 0.0 1.0 Inf Inf 17 17 10.025 0.0 1.34 Inf Inf 16 16 10.216 0.0 1.34 Inf Inf 16 16 11.03 0.0 1.34 Inf Inf 16 16 9.576 0.0 1.34 Inf Inf 16 16
1500 13.361 0.0 1.02 Inf Inf 21 21 13.156 0.0 1.02 Inf Inf 21 21 12.278 0.0 1.0 Inf Inf 29 29 21.753 0.0 1.03 Inf Inf 21 21 25.577 0.0 1.0 Inf Inf 29 29 13.826 0.0 1.1 Inf Inf 22 22 13.868 0.0 1.02 Inf Inf 21 21 11.981 0.0 1.02 Inf Inf 21 21 12.438 0.0 1.02 Inf Inf 21 21 13.684 0.0 1.02 Inf Inf 21 21
2000 15.894 0.0 1.23 Inf Inf 17 17 11.911 0.0 1.23 Inf Inf 17 17 12.272 0.0 1.29 Inf Inf 21 21 23.067 0.0 1.24 Inf Inf 18 18 18.945 0.0 1.29 Inf Inf 21 21 16.145 0.0 1.05 Inf Inf 17 17 13.516 0.0 1.23 Inf Inf 17 17 13.826 0.0 1.23 Inf Inf 17 17 12.952 0.0 1.23 Inf Inf 17 17 13.33 0.0 1.23 Inf Inf 17 17
2500 24.234 0.0 1.02 Inf Inf 20 20 18.766 0.0 1.02 Inf Inf 20 20 26.591 0.0 1.06 Inf Inf 27 27 27.914 0.0 1.0 Inf Inf 20 20 30.959 0.0 1.06 Inf Inf 27 27 28.876 0.0 1.1 Inf Inf 20 20 21.569 0.0 1.02 Inf Inf 20 20 23.754 0.0 1.02 Inf Inf 20 20 21.435 0.0 1.02 Inf Inf 20 20 21.305 0.0 1.02 Inf Inf 20 20
3000 32.758 0.0 1.0 Inf Inf 22 22 33.858 0.0 1.0 Inf Inf 22 22 32.155 0.0 1.01 Inf Inf 28 28 37.011 0.0 1.17 Inf Inf 21 21 60.052 0.0 1.01 Inf Inf 28 28 36.939 0.0 1.03 Inf Inf 22 22 33.917 0.0 1.0 Inf Inf 22 22 33.408 0.0 1.0 Inf Inf 22 22 33.083 0.0 1.0 Inf Inf 22 22 33.849 0.0 1.0 Inf Inf 22 22
3500 18.779 0.0 1.04 Inf Inf 13 13 18.749 0.0 1.04 Inf Inf 13 13 22.991 0.0 1.0 Inf Inf 20 20 20.649 0.0 1.09 Inf Inf 13 13 41.997 0.0 1.0 Inf Inf 20 20 24.807 0.0 1.03 Inf Inf 16 16 18.305 0.0 1.04 Inf Inf 13 13 18.474 0.0 1.04 Inf Inf 13 13 18.203 0.0 1.04 Inf Inf 13 13 17.322 0.0 1.04 Inf Inf 13 13
4000 38.78 0.0 1.03 Inf Inf 22 22 38.584 0.0 1.03 Inf Inf 22 22 33.287 0.0 1.0 Inf Inf 26 26 42.033 0.0 1.02 Inf Inf 23 23 61.668 0.0 1.0 Inf Inf 26 26 40.268 0.0 1.03 Inf Inf 22 22 37.773 0.0 1.03 Inf Inf 22 22 36.361 0.0 1.03 Inf Inf 22 22 37.529 0.0 1.03 Inf Inf 22 22 36.113 0.0 1.03 Inf Inf 22 22
4500 29.14 0.0 1.03 Inf Inf 21 21 29.325 0.0 1.03 Inf Inf 21 21 33.592 0.0 1.05 Inf Inf 28 28 30.767 0.0 1.13 Inf Inf 21 21 61.995 0.0 1.05 Inf Inf 28 28 37.067 0.0 1.89 Inf Inf 23 23 27.292 0.0 1.03 Inf Inf 21 21 28.204 0.0 1.03 Inf Inf 21 21 29.013 0.0 1.03 Inf Inf 21 21 28.711 0.0 1.03 Inf Inf 21 21
5000 38.838 0.0 20.17 Inf Inf 21 21 38.455 0.0 20.17 Inf Inf 21 21 35.886 0.0 1.0 Inf Inf 27 27 41.335 0.0 2.86 Inf Inf 22 22 67.575 0.0 1.0 Inf Inf 27 27 45.155 0.0 1.37 Inf Inf 23 23 38.882 0.0 20.17 Inf Inf 21 21 37.337 0.0 20.17 Inf Inf 21 21 37.357 0.0 20.17 Inf Inf 21 21 36.996 0.0 20.17 Inf Inf 21 21
