dimension time dual_gap dual_gap_sd dual_gap_ns dual_gap_ns_sd iterations iterations_s
10000 0.356 0.0 1.21 Inf Inf 454 454 0.35 0.0 1.21 Inf Inf 454 454 0.389 0.0 1.14 Inf Inf 435 435 0.35 0.0 1.27 Inf Inf 372 372 0.371 0.0 1.14 Inf Inf 435 435 0.355 0.0 1.05 Inf Inf 339 339 0.341 0.0 1.21 Inf Inf 454 454 0.36 0.0 1.21 Inf Inf 454 454 0.367 0.0 1.21 Inf Inf 454 454 0.368 0.0 1.21 Inf Inf 454 454
40000 26.33 0.0 1.1 Inf Inf 400 400 15.683 0.0 1.11 Inf Inf 375 375 28.229 0.0 1.3 Inf Inf 385 385 31.615 0.0 1.11 Inf Inf 375 375 36.097 0.0 1.28 Inf Inf 346 346 33.647 0.0 1.27 Inf Inf 331 331 15.613 0.0 1.09 Inf Inf 280 280 18.098 0.0 1.02 Inf Inf 394 394 17.445 0.0 1.14 Inf Inf 378 378 15.672 0.0 1.13 Inf Inf 338 338
90000 15.712 0.0 2.52 Inf Inf 158 158 15.3 0.0 2.14 Inf Inf 148 148 21.378 0.0 1.56 Inf Inf 300 300 22.47 0.0 2.86 Inf Inf 212 212 31.405 0.0 1.9 Inf Inf 379 379 21.926 0.0 1.8 Inf Inf 223 223 9.872 0.0 2.21 Inf Inf 128 128 14.834 0.0 2.1 Inf Inf 138 138 25.368 0.0 1.55 Inf Inf 389 389 20.147 0.0 1.65 Inf Inf 361 361
160000 11.239 0.0 1.14 Inf Inf 42 42 12.459 0.0 1.03 Inf Inf 59 59 10.676 0.0 1.06 Inf Inf 46 46 12.745 0.0 1.0 Inf Inf 53 53 17.266 0.0 1.05 Inf Inf 44 44 13.515 0.0 1.25 Inf Inf 43 43 13.918 0.0 1.04 Inf Inf 53 53 11.274 0.0 1.21 Inf Inf 53 53 11.345 0.0 1.12 Inf Inf 45 45 13.463 0.0 1.04 Inf Inf 53 53
250000 7.713 0.0 2.13 Inf Inf 6 6 6.746 0.0 2.87 Inf Inf 6 6 9.302 0.0 6.11 Inf Inf 9 9 7.477 0.0 2.59 Inf Inf 6 6 11.673 0.0 3.59 Inf Inf 9 9 9.45 0.0 3.17 Inf Inf 7 7 6.918 0.0 2.13 Inf Inf 6 6 6.444 0.0 2.87 Inf Inf 6 6 6.814 0.0 2.87 Inf Inf 6 6 7.415 0.0 2.13 Inf Inf 6 6
360000 17.412 0.0 1.0 Inf Inf 22 22 18.054 0.0 1.04 Inf Inf 22 22 18.824 0.0 1.01 Inf Inf 25 25 20.951 0.0 1.0 Inf Inf 22 22 27.345 0.0 1.0 Inf Inf 26 26 23.036 0.0 1.0 Inf Inf 24 24 17.714 0.0 1.04 Inf Inf 22 22 18.123 0.0 1.05 Inf Inf 22 22 18.103 0.0 1.04 Inf Inf 22 22 18.43 0.0 1.04 Inf Inf 22 22
490000 314.029 0.0 14.58 Inf Inf 163 163 319.962 0.0 76.08 Inf Inf 158 158 358.858 0.0 76.42 Inf Inf 164 164 329.984 0.0 57.45 Inf Inf 152 152 333.52 0.0 69.18 Inf Inf 177 177 336.145 0.0 56.18 Inf Inf 157 157 299.391 0.0 1.05 Inf Inf 156 156 334.887 0.0 43.23 Inf Inf 153 153 319.875 0.0 58.9 Inf Inf 163 163 323.926 0.0 208.01 Inf Inf 162 162
640000 78.727 0.0 1.0 Inf Inf 9 9 81.195 0.0 1.0 Inf Inf 9 9 100.183 0.0 1.0 Inf Inf 11 11 83.96 0.0 1.0 Inf Inf 10 10 112.444 0.0 1.0 Inf Inf 11 11 94.458 0.0 1.0 Inf Inf 9 9 87.295 0.0 1.0 Inf Inf 10 10 84.963 0.0 1.0 Inf Inf 9 9 78.789 0.0 1.0 Inf Inf 10 10 78.538 0.0 1.0 Inf Inf 9 9
810000 525.289 0.0 1.02 Inf Inf 54 54 605.623 0.0 1.0 Inf Inf 56 56 587.426 0.0 1.16 Inf Inf 66 66 550.998 0.0 1.01 Inf Inf 61 61 597.044 0.0 1.14 Inf Inf 69 69 539.024 0.0 1.3 Inf Inf 59 59 494.478 0.0 1.11 Inf Inf 49 49 570.576 0.0 1.01 Inf Inf 60 60 501.389 0.0 1.04 Inf Inf 52 52 498.02 0.0 1.11 Inf Inf 53 53
1000000 195.7 0.0 1.36 Inf Inf 43 43 187.847 0.0 1.36 Inf Inf 43 43 373.844 0.0 1.07 Inf Inf 86 86 233.77 0.0 1.47 Inf Inf 51 51 386.853 0.0 1.04 Inf Inf 86 86 293.676 0.0 1.49 Inf Inf 68 68 203.277 0.0 1.31 Inf Inf 42 42 220.727 0.0 1.36 Inf Inf 43 43 216.89 0.0 1.37 Inf Inf 43 43 217.261 0.0 1.36 Inf Inf 44 44
